%TITLE%
 OUN   240316/1200
 Saved by user: Sean on 20240316/1647 UTC
   LEVEL       HGHT       TEMP       DWPT       WDIR       WSPD
-------------------------------------------------------------------
%RAW%
 1000.00,    154.00,  -9999.00,  -9999.00,  -9999.00,  -9999.00
  977.00,    357.00,     22.43,     16.81,    187.39,     12.62
  972.00,    398.35,     21.65,     15.65,  -9999.00,  -9999.00
  971.00,    406.71,     21.39,     15.10,  -9999.00,  -9999.00
  965.00,    457.10,     21.18,     14.72,  -9999.00,  -9999.00
  961.00,    491.04,     21.01,     14.49,  -9999.00,  -9999.00
  955.00,    542.47,     20.04,     14.29,  -9999.00,  -9999.00
  952.00,    568.32,     19.85,     14.47,  -9999.00,  -9999.00
  925.00,    804.00,     18.09,     12.89,    190.97,     23.13
  901.00,   1022.58,     16.30,     11.79,  -9999.00,  -9999.00
  893.00,   1096.51,     15.79,     11.39,  -9999.00,  -9999.00
  884.00,   1180.37,     15.41,     11.02,  -9999.00,  -9999.00
  878.00,   1236.73,     14.99,     10.92,  -9999.00,  -9999.00
  869.00,   1322.05,     14.64,     10.60,  -9999.00,  -9999.00
  850.00,   1505.00,     13.44,      9.27,    204.49,     25.72
  846.00,   1544.02,     12.93,      8.73,  -9999.00,  -9999.00
  837.00,   1632.42,     12.37,      8.36,  -9999.00,  -9999.00
  826.00,   1741.51,     11.68,      7.28,  -9999.00,  -9999.00
  823.00,   1771.51,     11.46,      5.54,  -9999.00,  -9999.00
  821.00,   1791.60,     11.25,      6.00,  -9999.00,  -9999.00
  806.00,   1943.71,     10.34,      2.62,  -9999.00,  -9999.00
  803.00,   1974.40,     10.22,     -5.15,    210.13,     30.01
  796.00,   2046.44,     10.29,     -7.01,  -9999.00,  -9999.00
  793.00,   2077.47,     10.24,     -8.25,    217.05,     29.62
  790.00,   2108.62,     10.80,    -14.74,  -9999.00,  -9999.00
  772.00,   2297.25,     11.20,    -14.55,    220.02,     32.07
  759.00,   2436.23,     10.44,    -16.12,  -9999.00,  -9999.00
  752.00,   2511.78,      9.77,    -15.36,    223.82,     31.80
  750.00,   2533.50,      9.18,    -15.22,  -9999.00,  -9999.00
  746.00,   2577.10,      8.57,    -14.75,  -9999.00,  -9999.00
  740.00,   2642.87,      7.51,    -14.25,  -9999.00,  -9999.00
  722.00,   2842.53,      5.76,    -15.29,    239.04,     21.62
  718.00,   2887.58,      5.56,    -14.17,  -9999.00,  -9999.00
  709.00,   2989.29,      4.73,    -16.88,  -9999.00,  -9999.00
  700.00,   3092.00,      3.83,    -15.37,    222.69,     28.24
  695.00,   3149.45,      3.32,    -15.78,    228.44,     30.04
  692.00,   3184.12,      2.96,    -15.58,  -9999.00,  -9999.00
  688.00,   3230.54,      2.51,    -18.28,  -9999.00,  -9999.00
  687.00,   3242.19,      2.39,    -16.91,  -9999.00,  -9999.00
  686.00,   3253.85,      2.35,    -16.46,  -9999.00,  -9999.00
  683.00,   3288.98,      2.11,    -16.73,  -9999.00,  -9999.00
  679.00,   3336.17,      1.53,    -21.40,    233.84,     32.45
  666.00,   3491.46,      0.57,    -25.80,  -9999.00,  -9999.00
  662.00,   3539.80,      0.27,    -20.00,  -9999.00,  -9999.00
  650.00,   3686.34,     -0.67,    -24.80,  -9999.00,  -9999.00
  639.00,   3822.68,     -1.87,    -20.50,  -9999.00,  -9999.00
  635.00,   3872.75,     -2.31,    -18.90,  -9999.00,  -9999.00
  633.00,   3897.62,     -2.80,    -24.84,    234.00,     37.36
  595.00,   4385.64,     -7.82,    -26.35,    235.08,     41.54
  586.00,   4505.79,     -9.13,    -27.37,  -9999.00,  -9999.00
  576.00,   4639.78,    -10.27,    -26.50,  -9999.00,  -9999.00
  552.00,   4968.70,    -12.74,    -26.50,    247.95,     48.76
  551.00,   4982.71,    -12.88,    -26.50,  -9999.00,  -9999.00
  549.00,   5010.65,    -13.12,    -24.70,  -9999.00,  -9999.00
  548.00,   5024.65,    -13.27,    -21.90,  -9999.00,  -9999.00
  535.00,   5208.21,    -14.76,    -27.54,  -9999.00,  -9999.00
  529.00,   5294.02,    -15.43,    -22.50,  -9999.00,  -9999.00
  525.00,   5351.66,    -15.96,    -26.70,  -9999.00,  -9999.00
  520.00,   5424.25,    -16.76,    -28.10,  -9999.00,  -9999.00
  500.00,   5720.00,    -18.53,    -29.70,    239.38,     52.22
  494.00,   5810.52,    -19.28,    -29.50,  -9999.00,  -9999.00
  480.00,   6024.93,    -22.07,    -27.50,  -9999.00,  -9999.00
  477.00,   6071.39,    -22.53,    -28.23,    238.48,     60.52
  471.00,   6165.20,    -22.96,    -29.70,  -9999.00,  -9999.00
  470.00,   6180.90,    -23.27,    -31.90,  -9999.00,  -9999.00
  467.00,   6228.25,    -23.95,    -41.30,  -9999.00,  -9999.00
  452.00,   6469.53,    -26.75,    -52.10,    248.28,     54.45
  420.00,   7007.44,    -30.38,    -55.70,  -9999.00,  -9999.00
  400.00,   7360.00,    -32.38,    -52.90,    250.35,     55.12
  370.00,   7915.57,    -35.91,    -59.70,  -9999.00,  -9999.00
  342.00,   8465.73,    -39.68,    -61.10,  -9999.00,  -9999.00
  340.00,   8505.95,    -40.02,    -61.08,    251.87,     55.84
  333.00,   8648.59,    -40.76,    -61.03,    243.90,     63.74
  317.00,   8986.21,    -43.38,    -60.90,  -9999.00,  -9999.00
  309.00,   9159.83,    -44.34,    -63.50,  -9999.00,  -9999.00
  302.00,   9315.06,    -45.53,    -59.10,  -9999.00,  -9999.00
  300.00,   9360.00,    -45.82,    -54.30,    242.85,     70.58
  299.00,   9382.64,    -45.96,    -53.30,  -9999.00,  -9999.00
  298.00,   9405.33,    -46.19,    -53.70,  -9999.00,  -9999.00
  294.00,   9496.75,    -46.76,    -54.89,    243.59,     78.14
  293.00,   9519.78,    -46.96,    -55.47,  -9999.00,  -9999.00
  292.00,   9542.87,    -47.17,    -55.06,  -9999.00,  -9999.00
  290.00,   9589.23,    -47.07,    -55.11,  -9999.00,  -9999.00
  288.00,   9635.82,    -47.55,    -56.00,  -9999.00,  -9999.00
  284.00,   9729.74,    -47.94,    -55.01,  -9999.00,  -9999.00
  281.00,   9800.84,    -48.31,    -58.54,  -9999.00,  -9999.00
  265.00,  10189.52,    -51.05,    -60.04,  -9999.00,  -9999.00
  261.00,  10289.33,    -52.26,    -59.93,  -9999.00,  -9999.00
  260.00,  10314.46,    -53.06,    -59.85,  -9999.00,  -9999.00
  255.00,  10441.26,    -54.06,    -60.58,  -9999.00,  -9999.00
  251.00,  10544.08,    -53.56,    -61.49,  -9999.00,  -9999.00
  250.00,  10570.00,    -54.00,    -61.62,    244.23,     82.09
  249.00,  10595.94,    -54.26,    -61.55,  -9999.00,  -9999.00
  248.00,  10621.95,    -54.77,    -60.50,  -9999.00,  -9999.00
  245.00,  10700.50,    -55.33,    -60.10,  -9999.00,  -9999.00
  242.00,  10779.83,    -55.97,    -64.50,  -9999.00,  -9999.00
  238.00,  10886.80,    -56.62,    -64.50,  -9999.00,  -9999.00
  233.00,  11022.51,    -58.31,    -63.73,  -9999.00,  -9999.00
  229.00,  11132.79,    -59.38,    -64.54,  -9999.00,  -9999.00
  224.00,  11272.74,    -60.04,    -66.68,  -9999.00,  -9999.00
  217.00,  11472.70,    -61.66,    -65.90,  -9999.00,  -9999.00
  214.00,  11559.93,    -62.15,    -66.50,  -9999.00,  -9999.00
  206.00,  11797.21,    -63.44,    -71.88,  -9999.00,  -9999.00
  205.00,  11827.36,    -63.69,    -72.75,  -9999.00,  -9999.00
  201.00,  11949.22,    -64.86,    -73.81,  -9999.00,  -9999.00
  200.00,  11980.00,    -64.89,    -74.09,    250.00,     95.01
  199.00,  12010.83,    -65.03,    -76.03,    249.83,     84.68
  198.00,  12041.83,    -65.35,    -76.00,  -9999.00,  -9999.00
  197.00,  12073.05,    -65.46,    -77.18,    236.57,     98.85
  194.00,  12167.67,    -65.70,    -77.15,  -9999.00,  -9999.00
  193.00,  12199.74,    -66.51,    -76.51,  -9999.00,  -9999.00
  192.00,  12232.49,    -66.36,    -76.16,    260.00,     97.01
  190.00,  12298.49,    -67.39,    -76.51,  -9999.00,  -9999.00
  185.00,  12468.46,    -68.47,    -80.13,    245.63,     92.10
  179.00,  12678.58,    -69.69,    -81.90,  -9999.00,  -9999.00
  174.00,  12860.13,    -70.89,    -82.14,    255.00,     75.99
  167.00,  13123.27,    -70.57,    -82.50,    265.00,     71.00
  150.00,  13810.00,    -66.24,    -76.51,    260.00,     77.00
  111.00,  15682.11,    -65.02,    -82.96,    270.00,     83.00
  110.00,  15738.38,    -65.30,    -81.23,  -9999.00,  -9999.00
  109.00,  15793.85,    -65.50,    -81.49,    275.00,     81.00
  106.00,  15964.19,    -67.15,    -81.54,  -9999.00,  -9999.00
  100.00,  16320.00,    -65.30,    -82.00,    265.00,     65.00
   94.00,  16694.75,    -66.89,    -89.09,    265.00,     72.01
   92.50,  16792.17,    -67.30,    -89.30,  -9999.00,  -9999.00
   90.20,  16945.48,    -63.10,    -89.10,  -9999.00,  -9999.00
   88.80,  17041.73,    -62.90,    -88.90,  -9999.00,  -9999.00
   85.00,  17308.15,    -64.27,    -89.34,    290.00,     39.01
   77.20,  17894.47,    -67.30,    -90.30,  -9999.00,  -9999.00
   75.00,  18070.33,    -66.18,    -89.77,    285.00,     40.00
   73.00,  18234.74,    -65.13,    -89.27,    280.00,     37.01
   70.00,  18490.00,    -63.50,    -88.50,    295.00,     33.00
   68.20,  18649.95,    -63.50,    -88.50,  -9999.00,  -9999.00
   67.00,  18757.90,    -63.99,    -88.75,    285.00,     23.00
   63.00,  19132.24,    -65.69,    -89.59,    270.00,     29.00
   59.00,  19531.15,    -67.50,    -90.50,    290.00,     37.01
   58.00,  19634.46,    -66.50,    -90.22,    295.00,     37.01
   57.60,  19676.28,    -66.10,    -90.10,  -9999.00,  -9999.00
   51.90,  20305.38,    -67.90,    -89.90,  -9999.00,  -9999.00
   50.00,  20530.00,    -67.10,    -90.10,    285.00,     25.99
   49.00,  20652.51,    -66.97,    -90.13,    280.00,     25.99
   47.00,  20905.23,    -66.71,    -90.20,    305.00,     27.99
   45.00,  21168.93,    -66.43,    -90.27,    285.00,     27.00
   40.00,  21883.20,    -65.68,    -90.46,    310.00,     25.00
   38.90,  22052.30,    -65.50,    -90.50,  -9999.00,  -9999.00
   38.00,  22196.31,    -64.12,    -90.37,    310.00,     13.00
   37.00,  22360.38,    -62.55,    -90.23,    275.00,     12.00
   36.10,  22511.87,    -61.10,    -90.10,  -9999.00,  -9999.00
   35.00,  22703.52,    -62.07,    -89.86,    245.00,     19.00
   34.30,  22828.64,    -62.70,    -89.70,  -9999.00,  -9999.00
   34.00,  22883.13,    -62.46,    -89.68,    250.00,     21.00
   33.00,  23068.28,    -61.66,    -89.61,    285.00,     22.01
   31.60,  23337.14,    -60.50,    -89.50,  -9999.00,  -9999.00
   30.00,  23660.00,    -61.90,    -89.90,    285.00,     19.00
   29.00,  23868.94,    -62.50,    -89.50,  -9999.00,  -9999.00
   28.00,  24085.11,    -62.37,    -89.69,    300.00,     25.99
   26.00,  24541.63,    -62.10,    -90.10,    325.00,     21.00
   25.00,  24784.73,    -60.65,    -89.97,    300.00,     16.01
   24.50,  24909.95,    -59.90,    -89.90,  -9999.00,  -9999.00
   24.00,  25037.45,    -60.76,    -89.95,    330.00,     14.01
   23.00,  25300.62,    -62.55,    -90.07,    310.00,     12.00
   22.70,  25381.80,    -63.10,    -90.10,  -9999.00,  -9999.00
   21.30,  25775.81,    -59.50,    -90.50,  -9999.00,  -9999.00
   21.00,  25864.60,    -59.23,    -90.23,    280.00,     25.00
   20.00,  26170.00,    -58.30,    -89.30,    300.00,     27.00
   19.00,  26494.48,    -57.10,    -88.65,    305.00,     29.00
   18.20,  26766.62,    -56.10,    -88.10,  -9999.00,  -9999.00
   17.00,  27197.91,    -57.58,    -88.35,    285.00,     37.01
   16.30,  27463.78,    -58.50,    -88.50,  -9999.00,  -9999.00
   15.90,  27620.74,    -56.50,    -88.50,  -9999.00,  -9999.00
   15.00,  27990.04,    -56.91,    -88.23,    265.00,     31.00
   14.60,  28161.34,    -57.10,    -88.10,  -9999.00,  -9999.00
   14.00,  28428.65,    -55.93,    -87.77,    265.00,     41.01
   13.20,  28803.47,    -54.30,    -87.30,  -9999.00,  -9999.00
   13.00,  28901.08,    -54.77,    -87.38,    290.00,     46.00
   12.70,  29050.35,    -55.50,    -87.50,  -9999.00,  -9999.00
   11.10,  29923.51,    -48.10,    -84.10,  -9999.00,  -9999.00
   11.00,  29983.04,    -48.19,    -84.10,    275.00,     60.01
   10.00,  30610.00,    -49.10,    -84.10,    275.00,     60.01
    9.80,  30742.42,    -49.50,    -84.50,  -9999.00,  -9999.00
    9.60,  30878.00,    -47.70,    -84.70,  -9999.00,  -9999.00
    9.00,  31305.00,    -47.04,    -84.04,    280.00,     56.00
    8.70,  31529.30,    -46.70,    -83.70,  -9999.00,  -9999.00
    8.40,  31763.02,    -44.70,    -82.70,  -9999.00,  -9999.00
    8.00,  32088.26,    -46.30,    -83.30,    270.00,     48.00
    7.80,  32257.03,    -44.70,    -83.70,  -9999.00,  -9999.00
    7.40,  32608.26,    -45.90,    -83.90,    270.00,     68.01
    7.00,  32980.00,    -43.50,    -83.50,    260.00,     52.99
    6.80,  33175.29,    -42.50,    -82.50,  -9999.00,  -9999.00
%END%
